2
19 11
0.1755297487311156 -0.3439435018597351 0.0 0.0 1.0
0.1640625 -0.36388888888888893 0.05555555555555555 0.0 1.0
0.15057694863329862 -0.38287589575576453 0.1111111111111111 0.0 1.0
0.13472873814987985 -0.3989563371106791 0.16666666666666666 0.0 1.0
0.1171875 -0.41388888888888886 0.2222222222222222 0.0 1.0
0.09755229651763142 -0.42367490489788806 0.2777777777777778 0.0 1.0
0.07656250000000009 -0.4305555555555556 0.3333333333333333 0.0 1.0
0.0546875 -0.4361111111111111 0.38888888888888884 0.0 1.0
0.0312714621361696 -0.4384704229874421 0.4444444444444444 0.0 1.0
0.00722841437034516 -0.4384704229874421 0.5 0.0 1.0
-0.015625 -0.4361111111111111 0.5555555555555556 0.0 1.0
-0.04062500000000002 -0.4305555555555556 0.611111111111111 0.0 1.0
-0.06406250000000002 -0.42500000000000004 0.6666666666666666 0.0 1.0
-0.08586060349627245 -0.4185808252903559 0.7222222222222222 0.0 1.0
-0.10659753484596468 -0.40624048464565554 0.7777777777777777 0.0 1.0
-0.12637442307761548 -0.39197196577522075 0.8333333333333333 0.0 1.0
-0.14218750000000002 -0.375 0.8888888888888888 0.0 1.0
-0.15625 -0.3555555555555555 0.9444444444444444 0.0 1.0
-0.16562500000000002 -0.3305555555555556 1.0 0.0 1.0
0.2046874999999999 -0.36944444444444446 0.0 0.1 1.0
0.1937500000000001 -0.3944444444444445 0.05555555555555555 0.1 1.0
0.17468749999999966 -0.4180555555555555 0.1111111111111111 0.1 1.0
0.1540624999999991 -0.4361111111111111 0.16666666666666666 0.1 1.0
0.1332392662549311 -0.45133818984909113 0.2222222222222222 0.1 1.0
0.11093749999999991 -0.46111111111111114 0.2777777777777778 0.1 1.0
0.08749999999999991 -0.46944444444444444 0.3333333333333333 0.1 1.0
0.06246244302156323 -0.47463724498413007 0.38888888888888884 0.1 1.0
0.03582014684862278 -0.4779251378929199 0.4444444444444444 0.1 1.0
0.0078125 -0.47777777777777775 0.5 0.1 1.0
-0.01941388180259518 -0.47710316466572245 0.5555555555555556 0.1 1.0
-0.046875 -0.4722222222222222 0.611111111111111 0.1 1.0
-0.07343750000000004 -0.4638888888888889 0.6666666666666666 0.1 1.0
-0.09999999999999998 -0.4527777777777777 0.7222222222222222 0.1 1.0
-0.125 -0.4388888888888889 0.7777777777777777 0.1 1.0
-0.14531249999999996 -0.42500000000000004 0.8333333333333333 0.1 1.0
-0.1640625 -0.40555555555555556 0.8888888888888888 0.1 1.0
-0.18125000000000002 -0.3833333333333333 0.9444444444444444 0.1 1.0
-0.19374999999999998 -0.3555555555555555 1.0 0.1 1.0
0.2328125000000001 -0.4027777777777778 0.0 0.2 1.0
0.2203124999999999 -0.4361111111111111 0.05555555555555555 0.2 1.0
0.19843750000000004 -0.45833333333333337 0.1111111111111111 0.2 1.0
0.17500000000000004 -0.47777777777777775 0.16666666666666666 0.2 1.0
0.1468750000000001 -0.4916666666666667 0.2222222222222222 0.2 1.0
0.12187499999999996 -0.5027777777777778 0.2777777777777778 0.2 1.0
0.09531249999999991 -0.5083333333333333 0.3333333333333333 0.2 1.0
0.06718749999999996 -0.5138888888888888 0.38888888888888884 0.2 1.0
0.0390625 -0.5166666666666666 0.4444444444444444 0.2 1.0
0.007987326967380026 -0.520909914688858 0.5 0.2 1.0
-0.02248320765567724 -0.5146720706125558 0.5555555555555556 0.2 1.0
-0.0546875 -0.5111111111111111 0.611111111111111 0.2 1.0
-0.08437499999999998 -0.5027777777777778 0.6666666666666666 0.2 1.0
-0.11406249999999996 -0.49444444444444446 0.7222222222222222 0.2 1.0
-0.140625 -0.4805555555555555 0.7777777777777777 0.2 1.0
-0.1640625 -0.4638888888888889 0.8333333333333333 0.2 1.0
-0.1875 -0.44166666666666665 0.8888888888888888 0.2 1.0
-0.20781249999999996 -0.4222222222222223 0.9444444444444444 0.2 1.0
-0.22187500000000004 -0.3916666666666667 1.0 0.2 1.0
0.2640625000000001 -0.4444444444444444 0.0 0.30000000000000004 1.0
0.24687499999999996 -0.47777777777777775 0.05555555555555555 0.30000000000000004 1.0
0.22187500000000004 -0.5027777777777778 0.1111111111111111 0.30000000000000004 1.0
0.19218749999999996 -0.5222222222222221 0.16666666666666666 0.30000000000000004 1.0
0.1625000000000001 -0.5361111111111111 0.2222222222222222 0.30000000000000004 1.0
0.1343749999999999 -0.5472222222222223 0.2777777777777778 0.30000000000000004 1.0
0.10624999999999996 -0.5527777777777778 0.3333333333333333 0.30000000000000004 1.0
0.07343750000000004 -0.5583333333333333 0.38888888888888884 0.30000000000000004 1.0
0.042187500000000044 -0.5638888888888889 0.4444444444444444 0.30000000000000004 1.0
0.00792110517990463 -0.5661400437864359 0.5 0.30000000000000004 1.0
-0.02621783530933064 -0.5620634408924476 0.5555555555555556 0.30000000000000004 1.0
-0.06093749999999998 -0.5583333333333333 0.611111111111111 0.30000000000000004 1.0
-0.09531250000000002 -0.55 0.6666666666666666 0.30000000000000004 1.0
-0.12812500000000004 -0.5388888888888889 0.7222222222222222 0.30000000000000004 1.0
-0.15937500000000004 -0.525 0.7777777777777777 0.30000000000000004 1.0
-0.18593749999999998 -0.5111111111111111 0.8333333333333333 0.30000000000000004 1.0
-0.2109375 -0.48888888888888893 0.8888888888888888 0.30000000000000004 1.0
-0.23593750000000002 -0.4666666666666667 0.9444444444444444 0.30000000000000004 1.0
-0.25625 -0.43333333333333335 1.0 0.30000000000000004 1.0
0.2875000000000001 -0.48611111111111116 0.0 0.4 1.0
0.265625 -0.5222222222222221 0.05555555555555555 0.4 1.0
0.23993987296602892 -0.5484022471415217 0.1111111111111111 0.4 1.0
0.20911362649088328 -0.5670524503565126 0.16666666666666666 0.4 1.0
0.17665587425322427 -0.5824398291951066 0.2222222222222222 0.4 1.0
0.14565293470203633 -0.5949420745014642 0.2777777777777778 0.4 1.0
0.11406249999999996 -0.6027777777777779 0.3333333333333333 0.4 1.0
0.078125 -0.6083333333333334 0.38888888888888884 0.4 1.0
0.042872776283257696 -0.6111176662698795 0.4444444444444444 0.4 1.0
0.0078125 -0.6138888888888889 0.5 0.4 1.0
-0.029687499999999978 -0.6111111111111112 0.5555555555555556 0.4 1.0
-0.06718749999999996 -0.6055555555555556 0.611111111111111 0.4 1.0
-0.10468750000000004 -0.5972222222222222 0.6666666666666666 0.4 1.0
-0.13906249999999998 -0.5888888888888889 0.7222222222222222 0.4 1.0
-0.17343750000000002 -0.5722222222222222 0.7777777777777777 0.4 1.0
-0.1994630625760312 -0.5612320133436776 0.8333333333333333 0.4 1.0
-0.22968750000000004 -0.5361111111111111 0.8888888888888888 0.4 1.0
-0.25625 -0.5111111111111111 0.9444444444444444 0.4 1.0
-0.27812499999999996 -0.47777777777777775 1.0 0.4 1.0
0.30937499999999996 -0.5361111111111111 0.0 0.5 1.0
0.28437500000000004 -0.5694444444444444 0.05555555555555555 0.5 1.0
0.254879448567894 -0.593220973947117 0.1111111111111111 0.5 1.0
0.22209672738594688 -0.6141762980497066 0.16666666666666666 0.5 1.0
0.1857839114092681 -0.6280799836848021 0.2222222222222222 0.5 1.0
0.15331044768686253 -0.641104211017246 0.2777777777777778 0.5 1.0
0.12031250000000004 -0.65 0.3333333333333333 0.5 1.0
0.08208636664661872 -0.6580933227753862 0.38888888888888884 0.5 1.0
0.04531250000000009 -0.6583333333333333 0.4444444444444444 0.5 1.0
0.007457552667576639 -0.6576772098172483 0.5 0.5 1.0
-0.03281250000000002 -0.6555555555555556 0.5555555555555556 0.5 1.0
-0.0727161711589075 -0.653788088239394 0.611111111111111 0.5 1.0
-0.11093750000000002 -0.6444444444444444 0.6666666666666666 0.5 1.0
-0.15000000000000002 -0.6333333333333333 0.7222222222222222 0.5 1.0
-0.18593749999999998 -0.6222222222222222 0.7777777777777777 0.5 1.0
-0.21562499999999996 -0.6083333333333334 0.8333333333333333 0.5 1.0
-0.24687499999999996 -0.5861111111111111 0.8888888888888888 0.5 1.0
-0.27656250000000004 -0.5611111111111111 0.9444444444444444 0.5 1.0
-0.30000000000000004 -0.525 1.0 0.5 1.0
0.32343750000000004 -0.5833333333333333 0.0 0.6000000000000001 1.0
0.30000000000000004 -0.6166666666666667 0.05555555555555555 0.6000000000000001 1.0
0.26701785374440945 -0.6430195592866672 0.1111111111111111 0.6000000000000001 1.0
0.23129309051995017 -0.6603384345654884 0.16666666666666666 0.6000000000000001 1.0
0.1941874226853173 -0.6762186161797006 0.2222222222222222 0.6000000000000001 1.0
0.15906250000000033 -0.6888888888888889 0.2777777777777778 0.6000000000000001 1.0
0.12310058306108695 -0.697845170484561 0.3333333333333333 0.6000000000000001 1.0
0.08606301813695572 -0.7029315041493994 0.38888888888888884 0.6000000000000001 1.0
0.047499999999999876 -0.7027777777777777 0.4444444444444444 0.6000000000000001 1.0
0.007060221942724265 -0.7050611545861394 0.5 0.6000000000000001 1.0
-0.034375000000000044 -0.7027777777777777 0.5555555555555556 0.6000000000000001 1.0
-0.07678371840025622 -0.7009419949443138 0.611111111111111 0.6000000000000001 1.0
-0.11562499999999998 -0.6944444444444444 0.6666666666666666 0.6000000000000001 1.0
-0.15468749999999998 -0.6833333333333333 0.7222222222222222 0.6000000000000001 1.0
-0.19374999999999998 -0.6694444444444445 0.7777777777777777 0.6000000000000001 1.0
-0.22812500000000002 -0.6583333333333333 0.8333333333333333 0.6000000000000001 1.0
-0.2578125 -0.6388888888888888 0.8888888888888888 0.6000000000000001 1.0
-0.290625 -0.6138888888888889 0.9444444444444444 0.6000000000000001 1.0
-0.31875 -0.5833333333333333 1.0 0.6000000000000001 1.0
0.3359375 -0.6361111111111111 0.0 0.7000000000000001 1.0
0.30937499999999996 -0.6638888888888889 0.05555555555555555 0.7000000000000001 1.0
0.27278022111999234 -0.6867338888031662 0.1111111111111111 0.7000000000000001 1.0
0.23620875559044618 -0.7044378145387791 0.16666666666666666 0.7000000000000001 1.0
0.19792231658578352 -0.7193773901406442 0.2222222222222222 0.7000000000000001 1.0
0.16156250000000005 -0.7305555555555556 0.2777777777777778 0.7000000000000001 1.0
0.125 -0.7388888888888889 0.3333333333333333 0.7000000000000001 1.0
0.08671874999999973 -0.7444444444444445 0.38888888888888884 0.7000000000000001 1.0
0.04843749999999991 -0.7472222222222222 0.4444444444444444 0.7000000000000001 1.0
0.006250000000000089 -0.7472222222222222 0.5 0.7000000000000001 1.0
-0.035937499999999956 -0.7444444444444445 0.5555555555555556 0.7000000000000001 1.0
-0.07968750000000002 -0.7416666666666667 0.611111111111111 0.7000000000000001 1.0
-0.11875000000000002 -0.7361111111111112 0.6666666666666666 0.7000000000000001 1.0
-0.16004199289857846 -0.7271018093232989 0.7222222222222222 0.7000000000000001 1.0
-0.19843750000000004 -0.7166666666666667 0.7777777777777777 0.7000000000000001 1.0
-0.23281249999999998 -0.7027777777777777 0.8333333333333333 0.7000000000000001 1.0
-0.265625 -0.6888888888888889 0.8888888888888888 0.7000000000000001 1.0
-0.30000000000000004 -0.6638888888888889 0.9444444444444444 0.7000000000000001 1.0
-0.328125 -0.6333333333333333 1.0 0.7000000000000001 1.0
0.34062499999999996 -0.6805555555555556 0.0 0.8 1.0
0.3125 -0.7111111111111111 0.05555555555555555 0.8 1.0
0.2743464976448764 -0.7326570128978576 0.1111111111111111 0.8 1.0
0.2380837555904467 -0.7484299218330559 0.16666666666666666 0.8 1.0
0.20015625000000048 -0.7638888888888888 0.2222222222222222 0.8 1.0
0.1634374999999999 -0.7716666666666667 0.2777777777777778 0.8 1.0
0.1259374999999998 -0.7780555555555555 0.3333333333333333 0.8 1.0
0.08687499999999981 -0.7833333333333333 0.38888888888888884 0.8 1.0
0.046875 -0.7888888888888889 0.4444444444444444 0.8 1.0
0.005526499746723257 -0.7873803066091262 0.5 0.8 1.0
-0.03749999999999998 -0.7861111111111111 0.5555555555555556 0.8 1.0
-0.078125 -0.7833333333333333 0.611111111111111 0.8 1.0
-0.11875000000000002 -0.7805555555555556 0.6666666666666666 0.8 1.0
-0.15937500000000004 -0.775 0.7222222222222222 0.8 1.0
-0.19843750000000004 -0.7666666666666666 0.7777777777777777 0.8 1.0
-0.23593750000000002 -0.7555555555555555 0.8333333333333333 0.8 1.0
-0.27031249999999996 -0.7361111111111112 0.8888888888888888 0.8 1.0
-0.303125 -0.7166666666666667 0.9444444444444444 0.8 1.0
-0.33281249999999996 -0.6861111111111111 1.0 0.8 1.0
0.34062499999999996 -0.7333333333333334 0.0 0.9 1.0
0.30781250000000004 -0.7611111111111111 0.05555555555555555 0.9 1.0
0.2723114711199923 -0.7791289787260895 0.1111111111111111 0.9 1.0
0.23589625559044625 -0.792415315305318 0.16666666666666666 0.9 1.0
0.19921875000000022 -0.8055555555555556 0.2222222222222222 0.9 1.0
0.1617597378090696 -0.8131261236781576 0.2777777777777778 0.9 1.0
0.12468750000000028 -0.8194444444444444 0.3333333333333333 0.9 1.0
0.08531250000000012 -0.8222222222222222 0.38888888888888884 0.9 1.0
0.04686695257886653 -0.8272637594518373 0.4444444444444444 0.9 1.0
0.004904061804448023 -0.8247945463037776 0.5 0.9 1.0
-0.035937499999999956 -0.825 0.5555555555555556 0.9 1.0
-0.078125 -0.8222222222222222 0.611111111111111 0.9 1.0
-0.11562499999999998 -0.8194444444444444 0.6666666666666666 0.9 1.0
-0.15468749999999998 -0.8138888888888889 0.7222222222222222 0.9 1.0
-0.19374999999999998 -0.8083333333333333 0.7777777777777777 0.9 1.0
-0.23281249999999998 -0.7972222222222223 0.8333333333333333 0.9 1.0
-0.26875000000000004 -0.7861111111111111 0.8888888888888888 0.9 1.0
-0.2984375 -0.7666666666666666 0.9444444444444444 0.9 1.0
-0.328125 -0.7416666666666667 1.0 0.9 1.0
0.3343750000000001 -0.7805555555555556 0.0 1.0 1.0
0.3009374999999994 -0.8061111111111111 0.05555555555555555 1.0 1.0
0.2668502741697585 -0.8239544193536997 0.1111111111111111 1.0 1.0
0.2316850586402126 -0.8388939949555647 0.16666666666666666 1.0 1.0
0.19333768060041345 -0.8491961684679515 0.2222222222222222 1.0 1.0
0.1566033840848602 -0.8543888759493533 0.2777777777777778 1.0 1.0
0.12187499999999996 -0.8583333333333334 0.3333333333333333 1.0 1.0
0.08325643027849239 -0.8617866349941303 0.38888888888888884 1.0 1.0
0.045155048738268144 -0.8634559273215842 0.4444444444444444 1.0 1.0
0.004687499999999956 -0.8638888888888889 0.5 1.0 1.0
-0.03565918434707105 -0.8642525546757227 0.5555555555555556 1.0 1.0
-0.07399809835203419 -0.8626086082213278 0.611111111111111 1.0 1.0
-0.11363663656055534 -0.859320715312538 0.6666666666666666 1.0 1.0
-0.1500261142601813 -0.8552108491765508 0.7222222222222222 1.0 1.0
-0.18706540406158645 -0.850279009813366 0.7777777777777777 1.0 1.0
-0.22343749999999996 -0.8416666666666667 0.8333333333333333 1.0 1.0
-0.25724511105372216 -0.8297296791334297 0.8888888888888888 1.0 1.0
-0.2875 -0.8138888888888889 0.9444444444444444 1.0 1.0
-0.31718749999999996 -0.7888888888888889 1.0 1.0 1.0
