2
19 11
0.21562499999999998 -0.18055555555555547 0.0 0.0 1.0
0.20625000000000002 -0.21111111111111103 0.05555555555555555 0.0 1.0
0.1953124999999998 -0.2305555555555555 0.1111111111111111 0.0 1.0
0.18124999999999986 -0.25 0.16666666666666666 0.0 1.0
0.16249999999999992 -0.2666666666666666 0.2222222222222222 0.0 1.0
0.14375 -0.275 0.2777777777777778 0.0 1.0
0.12187499999999994 -0.2861111111111111 0.3333333333333333 0.0 1.0
0.10156249999999989 -0.29166666666666663 0.3888888888888889 0.0 1.0
0.07812499999999997 -0.29722222222222217 0.4444444444444444 0.0 1.0
0.053124999999999936 -0.29999999999999993 0.5 0.0 1.0
0.03124999999999989 -0.29999999999999993 0.5555555555555556 0.0 1.0
0.006249999999999978 -0.29722222222222217 0.6111111111111112 0.0 1.0
-0.01562500000000007 -0.29166666666666663 0.6666666666666666 0.0 1.0
-0.03750000000000012 -0.2833333333333333 0.7222222222222222 0.0 1.0
-0.057812500000000044 -0.275 0.7777777777777778 0.0 1.0
-0.0781250000000001 -0.26388888888888884 0.8333333333333334 0.0 1.0
-0.09218750000000005 -0.25 0.8888888888888888 0.0 1.0
-0.1046875 -0.22777777777777775 0.9444444444444444 0.0 1.0
-0.1140625000000001 -0.20277777777777772 1.0 0.0 1.0
0.24843749999999987 -0.21111111111111103 0.0 0.1 1.0
0.2374999999999999 -0.24166666666666659 0.05555555555555555 0.1 1.0
0.22031249999999997 -0.26388888888888884 0.1111111111111111 0.1 1.0
0.20312500000000003 -0.28888888888888886 0.16666666666666666 0.1 1.0
0.17968749999999986 -0.3027777777777777 0.2222222222222222 0.1 1.0
0.15781249999999994 -0.31666666666666665 0.2777777777777778 0.1 1.0
0.13437500000000002 -0.32499999999999996 0.3333333333333333 0.1 1.0
0.10781249999999987 -0.3305555555555555 0.3888888888888889 0.1 1.0
0.08124999999999996 -0.33611111111111114 0.4444444444444444 0.1 1.0
0.05468749999999993 -0.3388888888888889 0.5 0.1 1.0
0.0281249999999999 -0.3388888888888889 0.5555555555555556 0.1 1.0
0.0015624999999999944 -0.33611111111111114 0.6111111111111112 0.1 1.0
-0.025000000000000036 -0.3305555555555555 0.6666666666666666 0.1 1.0
-0.05000000000000007 -0.3222222222222222 0.7222222222222222 0.1 1.0
-0.07500000000000011 -0.3111111111111111 0.7777777777777778 0.1 1.0
-0.09531250000000004 -0.29999999999999993 0.8333333333333334 0.1 1.0
-0.1140625000000001 -0.2777777777777778 0.8888888888888888 0.1 1.0
-0.13125000000000003 -0.2583333333333333 0.9444444444444444 0.1 1.0
-0.14375 -0.23333333333333328 1.0 0.1 1.0
0.278125 -0.24166666666666659 0.0 0.2 1.0
0.26562499999999983 -0.28055555555555556 0.05555555555555555 0.2 1.0
0.24374999999999988 -0.3027777777777777 0.1111111111111111 0.2 1.0
0.22187499999999996 -0.3277777777777777 0.16666666666666666 0.2 1.0
0.1937499999999998 -0.3416666666666667 0.2222222222222222 0.2 1.0
0.1687499999999999 -0.3555555555555555 0.2777777777777778 0.2 1.0
0.1421875 -0.3638888888888888 0.3333333333333333 0.2 1.0
0.11406249999999997 -0.36944444444444446 0.3888888888888889 0.2 1.0
0.08593749999999994 -0.375 0.4444444444444444 0.2 1.0
0.056249999999999925 -0.37777777777777777 0.5 0.2 1.0
0.02499999999999991 -0.37777777777777777 0.5555555555555556 0.2 1.0
-0.004687500000000108 -0.37777777777777777 0.6111111111111112 0.2 1.0
-0.0359375 -0.37222222222222223 0.6666666666666666 0.2 1.0
-0.06406250000000002 -0.3638888888888888 0.7222222222222222 0.2 1.0
-0.09062500000000005 -0.35 0.7777777777777778 0.2 1.0
-0.1140625000000001 -0.33611111111111114 0.8333333333333334 0.2 1.0
-0.13593750000000002 -0.31666666666666665 0.8888888888888888 0.2 1.0
-0.15781250000000008 -0.29722222222222217 0.9444444444444444 0.2 1.0
-0.17031250000000003 -0.2666666666666666 1.0 0.2 1.0
0.3093749999999999 -0.2861111111111111 0.0 0.3 1.0
0.2921875 -0.3222222222222222 0.05555555555555555 0.3 1.0
0.2671874999999998 -0.3472222222222222 0.1111111111111111 0.3 1.0
0.2390624999999999 -0.36944444444444446 0.16666666666666666 0.3 1.0
0.209375 -0.38611111111111107 0.2222222222222222 0.3 1.0
0.18124999999999986 -0.4 0.2777777777777778 0.3 1.0
0.15312499999999996 -0.4083333333333333 0.3333333333333333 0.3 1.0
0.12187499999999994 -0.41388888888888886 0.3888888888888889 0.3 1.0
0.08906249999999993 -0.42222222222222217 0.4444444444444444 0.3 1.0
0.056249999999999925 -0.42499999999999993 0.5 0.3 1.0
0.021874999999999922 -0.42499999999999993 0.5555555555555556 0.3 1.0
-0.010937500000000086 -0.42222222222222217 0.6111111111111112 0.3 1.0
-0.04531250000000009 -0.41666666666666663 0.6666666666666666 0.3 1.0
-0.0765625000000001 -0.4083333333333333 0.7222222222222222 0.3 1.0
-0.10781249999999999 -0.39722222222222225 0.7777777777777778 0.3 1.0
-0.13437500000000002 -0.38611111111111107 0.8333333333333334 0.3 1.0
-0.15781250000000008 -0.3638888888888888 0.8888888888888888 0.3 1.0
-0.1828125000000001 -0.34444444444444444 0.9444444444444444 0.3 1.0
-0.20312500000000003 -0.30833333333333335 1.0 0.3 1.0
0.3343749999999998 -0.3277777777777777 0.0 0.4 1.0
0.3140624999999999 -0.3666666666666667 0.05555555555555555 0.4 1.0
0.2890625 -0.3916666666666666 0.1111111111111111 0.4 1.0
0.25468749999999984 -0.41666666666666663 0.16666666666666666 0.4 1.0
0.22031249999999997 -0.43333333333333335 0.2222222222222222 0.4 1.0
0.18906249999999983 -0.4472222222222222 0.2777777777777778 0.4 1.0
0.15937499999999993 -0.4555555555555555 0.3333333333333333 0.4 1.0
0.12499999999999993 -0.4638888888888889 0.3888888888888889 0.4 1.0
0.09062499999999993 -0.46944444444444444 0.4444444444444444 0.4 1.0
0.056249999999999925 -0.4722222222222222 0.5 0.4 1.0
0.018749999999999933 -0.4722222222222222 0.5555555555555556 0.4 1.0
-0.017187500000000064 -0.46944444444444444 0.6111111111111112 0.4 1.0
-0.054687500000000056 -0.4638888888888889 0.6666666666666666 0.4 1.0
-0.08906250000000006 -0.4555555555555555 0.7222222222222222 0.4 1.0
-0.12031250000000007 -0.4444444444444444 0.7777777777777778 0.4 1.0
-0.1500000000000001 -0.4305555555555556 0.8333333333333334 0.4 1.0
-0.1765625 -0.4111111111111111 0.8888888888888888 0.4 1.0
-0.20312500000000003 -0.38888888888888884 0.9444444444444444 0.4 1.0
-0.2250000000000001 -0.3555555555555555 1.0 0.4 1.0
0.3546875 -0.36944444444444446 0.0 0.5 1.0
0.33281249999999984 -0.41388888888888886 0.05555555555555555 0.5 1.0
0.3062499999999999 -0.4361111111111111 0.1111111111111111 0.5 1.0
0.2703124999999998 -0.4638888888888889 0.16666666666666666 0.5 1.0
0.22968749999999993 -0.4833333333333333 0.2222222222222222 0.5 1.0
0.1968749999999998 -0.49444444444444446 0.2777777777777778 0.5 1.0
0.1656249999999999 -0.5027777777777778 0.3333333333333333 0.5 1.0
0.12968750000000004 -0.5111111111111111 0.3888888888888889 0.5 1.0
0.09218749999999992 -0.5166666666666666 0.4444444444444444 0.5 1.0
0.05468749999999993 -0.5166666666666666 0.5 0.5 1.0
0.015624999999999944 -0.5166666666666666 0.5555555555555556 0.5 1.0
-0.02343750000000004 -0.5138888888888888 0.6111111111111112 0.5 1.0
-0.06093750000000003 -0.5111111111111111 0.6666666666666666 0.5 1.0
-0.10000000000000002 -0.5027777777777778 0.7222222222222222 0.5 1.0
-0.13437500000000002 -0.49444444444444446 0.7777777777777778 0.5 1.0
-0.16406250000000006 -0.4805555555555555 0.8333333333333334 0.5 1.0
-0.19218750000000007 -0.46111111111111114 0.8888888888888888 0.5 1.0
-0.2218750000000001 -0.4388888888888889 0.9444444444444444 0.5 1.0
-0.246875 -0.40555555555555556 1.0 0.5 1.0
0.37499999999999994 -0.42499999999999993 0.0 0.6 1.0
0.3484375 -0.46111111111111114 0.05555555555555555 0.6 1.0
0.31874999999999987 -0.4833333333333333 0.1111111111111111 0.6 1.0
0.28125 -0.5111111111111111 0.16666666666666666 0.6 1.0
0.2374999999999999 -0.5305555555555556 0.2222222222222222 0.6 1.0
0.20468750000000002 -0.5388888888888889 0.2777777777777778 0.6 1.0
0.1718749999999999 -0.55 0.3333333333333333 0.6 1.0
0.13281250000000003 -0.5555555555555556 0.3888888888888889 0.6 1.0
0.09374999999999992 -0.5611111111111111 0.4444444444444444 0.6 1.0
0.053124999999999936 -0.5638888888888889 0.5 0.6 1.0
0.01406249999999995 -0.5638888888888889 0.5555555555555556 0.6 1.0
-0.028125000000000025 -0.5611111111111111 0.6111111111111112 0.6 1.0
-0.06718750000000001 -0.5583333333333333 0.6666666666666666 0.6 1.0
-0.1046875 -0.55 0.7222222222222222 0.6 1.0
-0.1421875 -0.5416666666666666 0.7777777777777778 0.6 1.0
-0.17500000000000002 -0.5305555555555556 0.8333333333333334 0.6 1.0
-0.20468750000000002 -0.5138888888888888 0.8888888888888888 0.6 1.0
-0.23593750000000005 -0.4916666666666667 0.9444444444444444 0.6 1.0
-0.2640625000000001 -0.46111111111111114 1.0 0.6 1.0
0.3874999999999999 -0.47777777777777775 0.0 0.7 1.0
0.3578125 -0.5111111111111111 0.05555555555555555 0.7 1.0
0.32656249999999987 -0.5305555555555556 0.1111111111111111 0.7 1.0
0.2859375 -0.5555555555555556 0.16666666666666666 0.7 1.0
0.2406249999999999 -0.575 0.2222222222222222 0.7 1.0
0.2078125 -0.5833333333333333 0.2777777777777778 0.7 1.0
0.1718749999999999 -0.5916666666666667 0.3333333333333333 0.7 1.0
0.13437500000000002 -0.5972222222222222 0.3888888888888889 0.7 1.0
0.09531249999999991 -0.6027777777777777 0.4444444444444444 0.7 1.0
0.053124999999999936 -0.6055555555555555 0.5 0.7 1.0
0.010937499999999961 -0.6055555555555555 0.5555555555555556 0.7 1.0
-0.031250000000000014 -0.6055555555555555 0.6111111111111112 0.7 1.0
-0.06875 -0.6027777777777777 0.6666666666666666 0.7 1.0
-0.10781249999999999 -0.5944444444444444 0.7222222222222222 0.7 1.0
-0.14687500000000012 -0.586111111111111 0.7777777777777778 0.7 1.0
-0.18125 -0.575 0.8333333333333334 0.7 1.0
-0.2125 -0.5611111111111111 0.8888888888888888 0.7 1.0
-0.24531250000000002 -0.5416666666666666 0.9444444444444444 0.7 1.0
-0.27656250000000004 -0.5111111111111111 1.0 0.7 1.0
0.39218749999999986 -0.5305555555555556 0.0 0.8 1.0
0.3625 -0.5583333333333333 0.05555555555555555 0.8 1.0
0.32968749999999986 -0.5777777777777777 0.1111111111111111 0.8 1.0
0.29062499999999997 -0.5972222222222222 0.16666666666666666 0.8 1.0
0.24531249999999988 -0.6138888888888889 0.2222222222222222 0.8 1.0
0.209375 -0.625 0.2777777777777778 0.8 1.0
0.1718749999999999 -0.6333333333333333 0.3333333333333333 0.8 1.0
0.13281250000000003 -0.6388888888888888 0.3888888888888889 0.8 1.0
0.09374999999999992 -0.6444444444444444 0.4444444444444444 0.8 1.0
0.053124999999999936 -0.6472222222222221 0.5 0.8 1.0
0.009374999999999967 -0.6472222222222221 0.5555555555555556 0.8 1.0
-0.031250000000000014 -0.6444444444444444 0.6111111111111112 0.8 1.0
-0.071875 -0.6444444444444444 0.6666666666666666 0.8 1.0
-0.10937500000000011 -0.6416666666666666 0.7222222222222222 0.8 1.0
-0.1484375000000001 -0.6361111111111111 0.7777777777777778 0.8 1.0
-0.1828125000000001 -0.625 0.8333333333333334 0.8 1.0
-0.21718749999999998 -0.6083333333333334 0.8888888888888888 0.8 1.0
-0.2484375 -0.5916666666666667 0.9444444444444444 0.8 1.0
-0.278125 -0.5638888888888889 1.0 0.8 1.0
0.39218749999999986 -0.586111111111111 0.0 0.9 1.0
0.3578125 -0.6166666666666667 0.05555555555555555 0.9 1.0
0.3234374999999999 -0.6305555555555555 0.1111111111111111 0.9 1.0
0.2828125 -0.6444444444444444 0.16666666666666666 0.9 1.0
0.24374999999999988 -0.6583333333333333 0.2222222222222222 0.9 1.0
0.20625000000000002 -0.6694444444444445 0.2777777777777778 0.9 1.0
0.1687499999999999 -0.675 0.3333333333333333 0.9 1.0
0.12968750000000004 -0.6777777777777778 0.3888888888888889 0.9 1.0
0.09218749999999992 -0.6833333333333333 0.4444444444444444 0.9 1.0
0.04999999999999995 -0.6861111111111111 0.5 0.9 1.0
0.009374999999999967 -0.6861111111111111 0.5555555555555556 0.9 1.0
-0.031250000000000014 -0.6861111111111111 0.6111111111111112 0.9 1.0
-0.06875 -0.6833333333333333 0.6666666666666666 0.9 1.0
-0.10625 -0.6805555555555556 0.7222222222222222 0.9 1.0
-0.14531249999999998 -0.675 0.7777777777777778 0.9 1.0
-0.18125 -0.6666666666666666 0.8333333333333334 0.9 1.0
-0.21562499999999998 -0.6555555555555556 0.8888888888888888 0.9 1.0
-0.246875 -0.6388888888888888 0.9444444444444444 0.9 1.0
-0.275 -0.6166666666666667 1.0 0.9 1.0
0.3843749999999999 -0.6416666666666666 0.0 1.0 1.0
0.3515625 -0.6638888888888889 0.05555555555555555 1.0 1.0
0.3156249999999999 -0.6805555555555556 0.1111111111111111 1.0 1.0
0.2828125 -0.6916666666666667 0.16666666666666666 1.0 1.0
0.24374999999999988 -0.7027777777777777 0.2222222222222222 1.0 1.0
0.20312500000000003 -0.711111111111111 0.2777777777777778 1.0 1.0
0.1671874999999999 -0.7166666666666667 0.3333333333333333 1.0 1.0
0.12812500000000004 -0.7194444444444444 0.3888888888888889 1.0 1.0
0.09062499999999993 -0.7222222222222222 0.4444444444444444 1.0 1.0
0.04999999999999995 -0.725 0.5 1.0 1.0
0.009374999999999967 -0.725 0.5555555555555556 1.0 1.0
-0.02968750000000002 -0.725 0.6111111111111112 1.0 1.0
-0.06718750000000001 -0.7222222222222222 0.6666666666666666 1.0 1.0
-0.10156250000000001 -0.7194444444444444 0.7222222222222222 1.0 1.0
-0.1390625 -0.7166666666666667 0.7777777777777778 1.0 1.0
-0.17500000000000002 -0.7083333333333333 0.8333333333333334 1.0 1.0
-0.2109375 -0.6972222222222222 0.8888888888888888 1.0 1.0
-0.23750000000000004 -0.6861111111111111 0.9444444444444444 1.0 1.0
-0.2671875000000001 -0.6666666666666666 1.0 1.0 1.0
