2
19 11
0.24687499999999987 -0.4277777777777777 0.0 0.0 1.0
0.2390624999999999 -0.4444444444444444 0.05555555555555555 0.0 1.0
0.22968749999999993 -0.4666666666666667 0.1111111111111111 0.0 1.0
0.21718749999999998 -0.48611111111111105 0.16666666666666666 0.0 1.0
0.1999999999999998 -0.5027777777777778 0.2222222222222222 0.0 1.0
0.18124999999999986 -0.5166666666666666 0.2777777777777778 0.0 1.0
0.16249999999999992 -0.5277777777777777 0.3333333333333333 0.0 1.0
0.1421875 -0.5361111111111111 0.3888888888888889 0.0 1.0
0.12187499999999994 -0.5416666666666666 0.4444444444444444 0.0 1.0
0.09374999999999992 -0.5416666666666666 0.5 0.0 1.0
0.07656249999999998 -0.5416666666666666 0.5555555555555556 0.0 1.0
0.05468749999999993 -0.5388888888888889 0.6111111111111112 0.0 1.0
0.03281249999999988 -0.5361111111111111 0.6666666666666666 0.0 1.0
0.01406249999999995 -0.5277777777777777 0.7222222222222222 0.0 1.0
-0.004687500000000108 -0.5166666666666666 0.7777777777777778 0.0 1.0
-0.02343750000000004 -0.5027777777777778 0.8333333333333334 0.0 1.0
-0.03750000000000012 -0.4888888888888888 0.8888888888888888 0.0 1.0
-0.04843750000000008 -0.4666666666666667 0.9444444444444444 0.0 1.0
-0.054687500000000056 -0.44166666666666665 1.0 0.0 1.0
0.27656250000000004 -0.44999999999999996 0.0 0.1 1.0
0.26562499999999983 -0.46944444444444444 0.05555555555555555 0.1 1.0
0.2531249999999999 -0.5 0.1111111111111111 0.1 1.0
0.2359374999999999 -0.5222222222222221 0.16666666666666666 0.1 1.0
0.21562499999999998 -0.5388888888888889 0.2222222222222222 0.1 1.0
0.1953124999999998 -0.5527777777777778 0.2777777777777778 0.1 1.0
0.1703124999999999 -0.5666666666666667 0.3333333333333333 0.1 1.0
0.14843749999999997 -0.575 0.3888888888888889 0.1 1.0
0.12343749999999994 -0.5805555555555555 0.4444444444444444 0.1 1.0
0.09062499999999993 -0.5833333333333333 0.5 0.1 1.0
0.07031249999999988 -0.5805555555555555 0.5555555555555556 0.1 1.0
0.04687499999999996 -0.5777777777777777 0.6111111111111112 0.1 1.0
0.023437499999999917 -0.5722222222222222 0.6666666666666666 0.1 1.0
0.0 -0.5638888888888889 0.7222222222222222 0.1 1.0
-0.021875000000000047 -0.5555555555555556 0.7777777777777778 0.1 1.0
-0.0421875000000001 -0.5361111111111111 0.8333333333333334 0.1 1.0
-0.06093750000000003 -0.5166666666666666 0.8888888888888888 0.1 1.0
-0.07500000000000011 -0.4888888888888888 0.9444444444444444 0.1 1.0
-0.08281250000000008 -0.4666666666666667 1.0 0.1 1.0
0.30156249999999996 -0.47777777777777775 0.0 0.2 1.0
0.2890625 -0.5027777777777778 0.05555555555555555 0.2 1.0
0.27343750000000006 -0.5333333333333333 0.1111111111111111 0.2 1.0
0.25468749999999984 -0.5583333333333333 0.16666666666666666 0.2 1.0
0.23124999999999993 -0.5777777777777777 0.2222222222222222 0.2 1.0
0.20625000000000002 -0.5944444444444444 0.2777777777777778 0.2 1.0
0.17968749999999986 -0.6055555555555555 0.3333333333333333 0.2 1.0
0.15312499999999996 -0.6138888888888889 0.3888888888888889 0.2 1.0
0.12499999999999993 -0.6194444444444445 0.4444444444444444 0.2 1.0
0.09062499999999993 -0.6194444444444445 0.5 0.2 1.0
0.06562499999999989 -0.6166666666666667 0.5555555555555556 0.2 1.0
0.04062499999999998 -0.6138888888888889 0.6111111111111112 0.2 1.0
0.01406249999999995 -0.6055555555555555 0.6666666666666666 0.2 1.0
-0.014062500000000075 -0.6 0.7222222222222222 0.2 1.0
-0.0359375 -0.5916666666666667 0.7777777777777778 0.2 1.0
-0.06250000000000003 -0.5694444444444444 0.8333333333333334 0.2 1.0
-0.08437500000000007 -0.55 0.8888888888888888 0.2 1.0
-0.10000000000000002 -0.5194444444444444 0.9444444444444444 0.2 1.0
-0.1109375000000001 -0.49722222222222223 1.0 0.2 1.0
0.32812499999999983 -0.5111111111111111 0.0 0.3 1.0
0.3124999999999999 -0.5361111111111111 0.05555555555555555 0.3 1.0
0.29374999999999996 -0.5722222222222222 0.1111111111111111 0.3 1.0
0.2703124999999998 -0.5972222222222222 0.16666666666666666 0.3 1.0
0.24374999999999988 -0.6166666666666667 0.2222222222222222 0.3 1.0
0.21718749999999998 -0.6333333333333333 0.2777777777777778 0.3 1.0
0.18749999999999983 -0.6444444444444444 0.3333333333333333 0.3 1.0
0.15781249999999994 -0.6527777777777778 0.3888888888888889 0.3 1.0
0.1265624999999998 -0.6583333333333333 0.4444444444444444 0.3 1.0
0.09062499999999993 -0.6583333333333333 0.5 0.3 1.0
0.06093749999999991 -0.6555555555555556 0.5555555555555556 0.3 1.0
0.03437499999999988 -0.6555555555555556 0.6111111111111112 0.3 1.0
0.004687499999999983 -0.6472222222222221 0.6666666666666666 0.3 1.0
-0.02656250000000003 -0.6388888888888888 0.7222222222222222 0.3 1.0
-0.05312500000000006 -0.6277777777777778 0.7777777777777778 0.3 1.0
-0.07968750000000009 -0.6083333333333334 0.8333333333333334 0.3 1.0
-0.1046875 -0.586111111111111 0.8888888888888888 0.3 1.0
-0.12343750000000006 -0.5555555555555556 0.9444444444444444 0.3 1.0
-0.1375 -0.5333333333333333 1.0 0.3 1.0
0.3515625 -0.55 0.0 0.4 1.0
0.33281249999999984 -0.5805555555555555 0.05555555555555555 0.4 1.0
0.3109374999999999 -0.6138888888888889 0.1111111111111111 0.4 1.0
0.284375 -0.6361111111111111 0.16666666666666666 0.4 1.0
0.25468749999999984 -0.6555555555555556 0.2222222222222222 0.4 1.0
0.22656249999999994 -0.6722222222222223 0.2777777777777778 0.4 1.0
0.1937499999999998 -0.6861111111111111 0.3333333333333333 0.4 1.0
0.16249999999999992 -0.6944444444444444 0.3888888888888889 0.4 1.0
0.12812500000000004 -0.6972222222222222 0.4444444444444444 0.4 1.0
0.09062499999999993 -0.6972222222222222 0.5 0.4 1.0
0.05781249999999992 -0.6944444444444444 0.5555555555555556 0.4 1.0
0.0281249999999999 -0.6916666666666667 0.6111111111111112 0.4 1.0
-0.003125000000000114 -0.6861111111111111 0.6666666666666666 0.4 1.0
-0.0359375 -0.6805555555555556 0.7222222222222222 0.4 1.0
-0.06562500000000002 -0.6666666666666666 0.7777777777777778 0.4 1.0
-0.09375000000000004 -0.6472222222222221 0.8333333333333334 0.4 1.0
-0.12343750000000006 -0.625 0.8888888888888888 0.4 1.0
-0.14375 -0.5944444444444444 0.9444444444444444 0.4 1.0
-0.15937500000000007 -0.5694444444444444 1.0 0.4 1.0
0.37187499999999996 -0.5888888888888888 0.0 0.5 1.0
0.35000000000000003 -0.625 0.05555555555555555 0.5 1.0
0.32656249999999987 -0.6555555555555556 0.1111111111111111 0.5 1.0
0.29843749999999997 -0.6777777777777778 0.16666666666666666 0.5 1.0
0.26562499999999983 -0.7 0.2222222222222222 0.5 1.0
0.23437499999999992 -0.7138888888888888 0.2777777777777778 0.5 1.0
0.1984374999999998 -0.7222222222222222 0.3333333333333333 0.5 1.0
0.1656249999999999 -0.7305555555555556 0.3888888888888889 0.5 1.0
0.12968750000000004 -0.7361111111111112 0.4444444444444444 0.5 1.0
0.09374999999999992 -0.7361111111111112 0.5 0.5 1.0
0.05781249999999992 -0.7361111111111112 0.5555555555555556 0.5 1.0
0.023437499999999917 -0.7333333333333334 0.6111111111111112 0.5 1.0
-0.010937500000000086 -0.7277777777777777 0.6666666666666666 0.5 1.0
-0.043750000000000094 -0.7194444444444444 0.7222222222222222 0.5 1.0
-0.07500000000000011 -0.7083333333333333 0.7777777777777778 0.5 1.0
-0.10781249999999999 -0.6888888888888889 0.8333333333333334 0.5 1.0
-0.1375 -0.6638888888888889 0.8888888888888888 0.5 1.0
-0.16093750000000007 -0.6361111111111111 0.9444444444444444 0.5 1.0
-0.1765625 -0.6111111111111112 1.0 0.5 1.0
0.3874999999999999 -0.6305555555555555 0.0 0.6 1.0
0.3625 -0.6638888888888889 0.05555555555555555 0.6 1.0
0.3374999999999998 -0.6972222222222222 0.1111111111111111 0.6 1.0
0.3062499999999999 -0.7194444444444444 0.16666666666666666 0.6 1.0
0.2718749999999998 -0.7388888888888889 0.2222222222222222 0.6 1.0
0.2390624999999999 -0.7527777777777778 0.2777777777777778 0.6 1.0
0.20312500000000003 -0.7638888888888888 0.3333333333333333 0.6 1.0
0.1671874999999999 -0.7722222222222223 0.3888888888888889 0.6 1.0
0.12968750000000004 -0.7777777777777778 0.4444444444444444 0.6 1.0
0.09374999999999992 -0.7777777777777778 0.5 0.6 1.0
0.056249999999999925 -0.775 0.5555555555555556 0.6 1.0
0.021874999999999922 -0.7722222222222223 0.6111111111111112 0.6 1.0
-0.014062500000000075 -0.7638888888888888 0.6666666666666666 0.6 1.0
-0.04843750000000008 -0.7611111111111111 0.7222222222222222 0.6 1.0
-0.08593750000000007 -0.7472222222222222 0.7777777777777778 0.6 1.0
-0.11718750000000008 -0.7277777777777777 0.8333333333333334 0.6 1.0
-0.1484375000000001 -0.7083333333333333 0.8888888888888888 0.6 1.0
-0.17343750000000002 -0.6777777777777778 0.9444444444444444 0.6 1.0
-0.19218750000000007 -0.6555555555555556 1.0 0.6 1.0
0.39843749999999983 -0.6722222222222223 0.0 0.7 1.0
0.3734374999999999 -0.7083333333333333 0.05555555555555555 0.7 1.0
0.3453124999999998 -0.7388888888888889 0.1111111111111111 0.7 1.0
0.3124999999999999 -0.7611111111111111 0.16666666666666666 0.7 1.0
0.27656250000000004 -0.7777777777777778 0.2222222222222222 0.7 1.0
0.24374999999999988 -0.7916666666666666 0.2777777777777778 0.7 1.0
0.20625000000000002 -0.8027777777777778 0.3333333333333333 0.7 1.0
0.1703124999999999 -0.8083333333333333 0.3888888888888889 0.7 1.0
0.13125000000000003 -0.8138888888888889 0.4444444444444444 0.7 1.0
0.09531249999999991 -0.8138888888888889 0.5 0.7 1.0
0.056249999999999925 -0.8111111111111111 0.5555555555555556 0.7 1.0
0.018749999999999933 -0.8111111111111111 0.6111111111111112 0.7 1.0
-0.017187500000000064 -0.8055555555555556 0.6666666666666666 0.7 1.0
-0.05156250000000007 -0.8 0.7222222222222222 0.7 1.0
-0.09062500000000005 -0.7861111111111111 0.7777777777777778 0.7 1.0
-0.12343750000000006 -0.7666666666666666 0.8333333333333334 0.7 1.0
-0.15625000000000008 -0.7472222222222222 0.8888888888888888 0.7 1.0
-0.1828125000000001 -0.7194444444444444 0.9444444444444444 0.7 1.0
-0.20312500000000003 -0.6972222222222222 1.0 0.7 1.0
0.40312499999999984 -0.7194444444444444 0.0 0.8 1.0
0.3765624999999999 -0.75 0.05555555555555555 0.8 1.0
0.3453124999999998 -0.7805555555555556 0.1111111111111111 0.8 1.0
0.3140624999999999 -0.8 0.16666666666666666 0.8 1.0
0.278125 -0.8166666666666667 0.2222222222222222 0.8 1.0
0.24374999999999988 -0.8305555555555555 0.2777777777777778 0.8 1.0
0.2078125 -0.8388888888888889 0.3333333333333333 0.8 1.0
0.1718749999999999 -0.8472222222222222 0.3888888888888889 0.8 1.0
0.13281250000000003 -0.85 0.4444444444444444 0.8 1.0
0.09531249999999991 -0.85 0.5 0.8 1.0
0.059374999999999914 -0.85 0.5555555555555556 0.8 1.0
0.020312499999999928 -0.85 0.6111111111111112 0.8 1.0
-0.01562500000000007 -0.8444444444444444 0.6666666666666666 0.8 1.0
-0.05156250000000007 -0.8388888888888889 0.7222222222222222 0.8 1.0
-0.09062500000000005 -0.8277777777777777 0.7777777777777778 0.8 1.0
-0.12500000000000006 -0.8083333333333333 0.8333333333333334 0.8 1.0
-0.15625000000000008 -0.7888888888888889 0.8888888888888888 0.8 1.0
-0.1843750000000001 -0.7638888888888888 0.9444444444444444 0.8 1.0
-0.20625000000000002 -0.7416666666666667 1.0 0.8 1.0
0.39999999999999986 -0.7638888888888888 0.0 0.9 1.0
0.3734374999999999 -0.7916666666666666 0.05555555555555555 0.9 1.0
0.3406249999999998 -0.8222222222222222 0.1111111111111111 0.9 1.0
0.3124999999999999 -0.8388888888888889 0.16666666666666666 0.9 1.0
0.27656250000000004 -0.8527777777777777 0.2222222222222222 0.9 1.0
0.24374999999999988 -0.8666666666666667 0.2777777777777778 0.9 1.0
0.2078125 -0.875 0.3333333333333333 0.9 1.0
0.17343749999999988 -0.8805555555555555 0.3888888888888889 0.9 1.0
0.13437500000000002 -0.8861111111111111 0.4444444444444444 0.9 1.0
0.0968749999999999 -0.8861111111111111 0.5 0.9 1.0
0.0624999999999999 -0.8833333333333333 0.5555555555555556 0.9 1.0
0.021874999999999922 -0.8833333333333333 0.6111111111111112 0.9 1.0
-0.014062500000000075 -0.8805555555555555 0.6666666666666666 0.9 1.0
-0.05000000000000007 -0.875 0.7222222222222222 0.9 1.0
-0.08906250000000006 -0.8638888888888889 0.7777777777777778 0.9 1.0
-0.12343750000000006 -0.8444444444444444 0.8333333333333334 0.9 1.0
-0.1531250000000001 -0.8277777777777777 0.8888888888888888 0.9 1.0
-0.18125 -0.8027777777777778 0.9444444444444444 0.9 1.0
-0.20468750000000002 -0.7833333333333333 1.0 0.9 1.0
0.3859374999999999 -0.8055555555555556 0.0 1.0 1.0
0.359375 -0.8361111111111111 0.05555555555555555 1.0 1.0
0.3312499999999998 -0.8583333333333334 0.1111111111111111 1.0 1.0
0.3031249999999999 -0.875 0.16666666666666666 1.0 1.0
0.27343750000000006 -0.8888888888888888 0.2222222222222222 1.0 1.0
0.2421874999999999 -0.8972222222222223 0.2777777777777778 1.0 1.0
0.2078125 -0.9055555555555556 0.3333333333333333 1.0 1.0
0.17656249999999987 -0.9083333333333333 0.3888888888888889 1.0 1.0
0.13593750000000002 -0.9111111111111111 0.4444444444444444 1.0 1.0
0.0984374999999999 -0.9138888888888889 0.5 1.0 1.0
0.06874999999999988 -0.9138888888888889 0.5555555555555556 1.0 1.0
0.023437499999999917 -0.9111111111111111 0.6111111111111112 1.0 1.0
-0.006250000000000103 -0.9083333333333333 0.6666666666666666 1.0 1.0
-0.04531250000000009 -0.9 0.7222222222222222 1.0 1.0
-0.08281250000000008 -0.8916666666666666 0.7777777777777778 1.0 1.0
-0.11562500000000009 -0.8777777777777778 0.8333333333333334 1.0 1.0
-0.140625 -0.8638888888888889 0.8888888888888888 1.0 1.0
-0.17187500000000003 -0.8388888888888889 0.9444444444444444 1.0 1.0
-0.19687500000000005 -0.8194444444444444 1.0 1.0 1.0
