2
10 6
0.3833333333333333 -0.09444444444444444 1.0 0.0 1.0
0.3472222222222219 -0.14444444444444438 0.8888888888888888 0.0 1.0
0.28888888888888875 -0.18055555555555547 0.7777777777777778 0.0 1.0
0.21944444444444433 -0.19999999999999996 0.6666666666666666 0.0 1.0
0.13888888888888884 -0.21111111111111103 0.5555555555555556 0.0 1.0
0.05555555555555536 -0.2138888888888889 0.4444444444444444 0.0 1.0
-0.0277777777777779 -0.20833333333333326 0.3333333333333333 0.0 1.0
-0.10277777777777786 -0.18888888888888888 0.2222222222222222 0.0 1.0
-0.16388888888888897 -0.1611111111111111 0.1111111111111111 0.0 1.0
-0.20277777777777795 -0.11666666666666659 0.0 0.0 1.0
0.49444444444444446 -0.15833333333333333 1.0 0.2 1.0
0.4333333333333331 -0.21666666666666667 0.8888888888888888 0.2 1.0
0.3444444444444441 -0.25555555555555554 0.7777777777777778 0.2 1.0
0.25277777777777777 -0.2777777777777778 0.6666666666666666 0.2 1.0
0.15277777777777768 -0.28888888888888886 0.5555555555555556 0.2 1.0
0.04444444444444429 -0.29166666666666663 0.4444444444444444 0.2 1.0
-0.06388888888888888 -0.2861111111111111 0.3333333333333333 0.2 1.0
-0.1611111111111112 -0.2666666666666666 0.2222222222222222 0.2 1.0
-0.2416666666666667 -0.2305555555555555 0.1111111111111111 0.2 1.0
-0.3027777777777778 -0.18055555555555547 0.0 0.2 1.0
0.5972222222222219 -0.24166666666666659 1.0 0.4 1.0
0.5138888888888888 -0.3055555555555556 0.8888888888888888 0.4 1.0
0.3944444444444444 -0.35 0.7777777777777778 0.4 1.0
0.286111111111111 -0.37222222222222223 0.6666666666666666 0.4 1.0
0.16111111111111098 -0.3833333333333333 0.5555555555555556 0.4 1.0
0.033333333333333215 -0.38611111111111107 0.4444444444444444 0.4 1.0
-0.09722222222222232 -0.37777777777777777 0.3333333333333333 0.4 1.0
-0.21666666666666679 -0.3583333333333333 0.2222222222222222 0.4 1.0
-0.3138888888888889 -0.32499999999999996 0.1111111111111111 0.4 1.0
-0.40000000000000013 -0.27222222222222214 0.0 0.4 1.0
0.6666666666666665 -0.3388888888888889 1.0 0.6 1.0
0.5666666666666664 -0.4 0.8888888888888888 0.6 1.0
0.42222222222222205 -0.4444444444444444 0.7777777777777778 0.6 1.0
0.3027777777777776 -0.4638888888888889 0.6666666666666666 0.6 1.0
0.1694444444444443 -0.475 0.5555555555555556 0.6 1.0
0.02499999999999991 -0.47777777777777775 0.4444444444444444 0.6 1.0
-0.1166666666666667 -0.4722222222222222 0.3333333333333333 0.6 1.0
-0.25277777777777777 -0.4555555555555555 0.2222222222222222 0.6 1.0
-0.36388888888888893 -0.4305555555555556 0.1111111111111111 0.6 1.0
-0.46944444444444455 -0.375 0.0 0.6 1.0
0.6999999999999997 -0.4444444444444444 1.0 0.8 1.0
0.5861111111111108 -0.4916666666666667 0.8888888888888888 0.8 1.0
0.4361111111111109 -0.5305555555555556 0.7777777777777778 0.8 1.0
0.30555555555555536 -0.5472222222222223 0.6666666666666666 0.8 1.0
0.1694444444444443 -0.5583333333333333 0.5555555555555556 0.8 1.0
0.016666666666666607 -0.5638888888888889 0.4444444444444444 0.8 1.0
-0.125 -0.5583333333333333 0.3333333333333333 0.8 1.0
-0.26388888888888906 -0.55 0.2222222222222222 0.8 1.0
-0.38611111111111107 -0.5249999999999999 0.1111111111111111 0.8 1.0
-0.49444444444444446 -0.47777777777777775 0.0 0.8 1.0
0.6861111111111109 -0.5555555555555556 1.0 1.0 1.0
0.5611111111111109 -0.5972222222222222 0.8888888888888888 1.0 1.0
0.43055555555555536 -0.6166666666666667 0.7777777777777778 1.0 1.0
0.29722222222222205 -0.6305555555555555 0.6666666666666666 1.0 1.0
0.16388888888888875 -0.6361111111111111 0.5555555555555556 1.0 1.0
0.022222222222222143 -0.6388888888888888 0.4444444444444444 1.0 1.0
-0.1166666666666667 -0.6388888888888888 0.3333333333333333 1.0 1.0
-0.25555555555555554 -0.6305555555555555 0.2222222222222222 1.0 1.0
-0.36944444444444446 -0.6138888888888889 0.1111111111111111 1.0 1.0
-0.4750000000000001 -0.5805555555555555 0.0 1.0 1.0
