2
19 11
0.2109375 -0.48611111111111105 0.0 0.0 1.0
0.20312500000000003 -0.5055555555555555 0.05555555555555555 0.0 1.0
0.1937499999999998 -0.5277777777777777 0.1111111111111111 0.0 1.0
0.18124999999999986 -0.5444444444444445 0.16666666666666666 0.0 1.0
0.1656249999999999 -0.5611111111111111 0.2222222222222222 0.0 1.0
0.14843749999999997 -0.575 0.2777777777777778 0.0 1.0
0.12968750000000004 -0.586111111111111 0.3333333333333333 0.0 1.0
0.11093749999999998 -0.5944444444444444 0.3888888888888889 0.0 1.0
0.09218749999999992 -0.5972222222222222 0.4444444444444444 0.0 1.0
0.06562499999999989 -0.6 0.5 0.0 1.0
0.04843749999999995 -0.6 0.5555555555555556 0.0 1.0
0.026562499999999906 -0.5972222222222222 0.6111111111111112 0.0 1.0
0.006249999999999978 -0.5916666666666667 0.6666666666666666 0.0 1.0
-0.01250000000000008 -0.5833333333333333 0.7222222222222222 0.0 1.0
-0.028125000000000025 -0.5722222222222222 0.7777777777777778 0.0 1.0
-0.04843750000000008 -0.5583333333333333 0.8333333333333334 0.0 1.0
-0.05937500000000004 -0.5416666666666666 0.8888888888888888 0.0 1.0
-0.06875 -0.5194444444444444 0.9444444444444444 0.0 1.0
-0.0765625000000001 -0.49722222222222223 1.0 0.0 1.0
0.2374999999999999 -0.5083333333333333 0.0 0.1 1.0
0.22812499999999994 -0.5277777777777777 0.05555555555555555 0.1 1.0
0.21718749999999998 -0.5583333333333333 0.1111111111111111 0.1 1.0
0.1999999999999998 -0.5777777777777777 0.16666666666666666 0.1 1.0
0.18124999999999986 -0.5944444444444444 0.2222222222222222 0.1 1.0
0.16093749999999993 -0.6111111111111112 0.2777777777777778 0.1 1.0
0.1375 -0.6222222222222222 0.3333333333333333 0.1 1.0
0.11562499999999996 -0.6305555555555555 0.3888888888888889 0.1 1.0
0.09218749999999992 -0.6333333333333333 0.4444444444444444 0.1 1.0
0.0624999999999999 -0.6361111111111111 0.5 0.1 1.0
0.042187499999999975 -0.6333333333333333 0.5555555555555556 0.1 1.0
0.020312499999999928 -0.6305555555555555 0.6111111111111112 0.1 1.0
-0.003125000000000114 -0.625 0.6666666666666666 0.1 1.0
-0.025000000000000036 -0.6194444444444445 0.7222222222222222 0.1 1.0
-0.04531250000000009 -0.6083333333333334 0.7777777777777778 0.1 1.0
-0.06562500000000002 -0.5888888888888888 0.8333333333333334 0.1 1.0
-0.08281250000000008 -0.5694444444444444 0.8888888888888888 0.1 1.0
-0.09687500000000003 -0.5444444444444445 0.9444444444444444 0.1 1.0
-0.10312500000000001 -0.5222222222222221 1.0 0.1 1.0
0.26249999999999984 -0.5361111111111111 0.0 0.2 1.0
0.25156249999999986 -0.5611111111111111 0.05555555555555555 0.2 1.0
0.2359374999999999 -0.5916666666666667 0.1111111111111111 0.2 1.0
0.21718749999999998 -0.6138888888888889 0.16666666666666666 0.2 1.0
0.1953124999999998 -0.6333333333333333 0.2222222222222222 0.2 1.0
0.1718749999999999 -0.6499999999999999 0.2777777777777778 0.2 1.0
0.14531249999999998 -0.6583333333333333 0.3333333333333333 0.2 1.0
0.12031249999999995 -0.6666666666666666 0.3888888888888889 0.2 1.0
0.09374999999999992 -0.6722222222222223 0.4444444444444444 0.2 1.0
0.06093749999999991 -0.675 0.5 0.2 1.0
0.03749999999999999 -0.6694444444444445 0.5555555555555556 0.2 1.0
0.01406249999999995 -0.6694444444444445 0.6111111111111112 0.2 1.0
-0.010937500000000086 -0.6611111111111111 0.6666666666666666 0.2 1.0
-0.03750000000000012 -0.6527777777777778 0.7222222222222222 0.2 1.0
-0.06093750000000003 -0.6416666666666666 0.7777777777777778 0.2 1.0
-0.08281250000000008 -0.6222222222222222 0.8333333333333334 0.2 1.0
-0.1046875 -0.6027777777777777 0.8888888888888888 0.2 1.0
-0.12031250000000007 -0.5722222222222222 0.9444444444444444 0.2 1.0
-0.12968750000000004 -0.55 1.0 0.2 1.0
0.2875 -0.5694444444444444 0.0 0.3 1.0
0.27343750000000006 -0.5944444444444444 0.05555555555555555 0.3 1.0
0.25468749999999984 -0.625 0.1111111111111111 0.3 1.0
0.23281249999999992 -0.6499999999999999 0.16666666666666666 0.3 1.0
0.2078125 -0.6694444444444445 0.2222222222222222 0.3 1.0
0.18281249999999985 -0.6861111111111111 0.2777777777777778 0.3 1.0
0.15312499999999996 -0.6972222222222222 0.3333333333333333 0.3 1.0
0.12499999999999993 -0.7055555555555555 0.3888888888888889 0.3 1.0
0.09531249999999991 -0.711111111111111 0.4444444444444444 0.3 1.0
0.06093749999999991 -0.711111111111111 0.5 0.3 1.0
0.03281249999999988 -0.7083333333333333 0.5555555555555556 0.3 1.0
0.007812499999999972 -0.7055555555555555 0.6111111111111112 0.3 1.0
-0.020312500000000053 -0.6972222222222222 0.6666666666666666 0.3 1.0
-0.05000000000000007 -0.6916666666666667 0.7222222222222222 0.3 1.0
-0.07500000000000011 -0.6805555555555556 0.7777777777777778 0.3 1.0
-0.10000000000000002 -0.6611111111111111 0.8333333333333334 0.3 1.0
-0.12500000000000006 -0.6388888888888888 0.8888888888888888 0.3 1.0
-0.1421875 -0.6055555555555555 0.9444444444444444 0.3 1.0
-0.1546875000000001 -0.5833333333333333 1.0 0.3 1.0
0.3093749999999999 -0.6055555555555555 0.0 0.4 1.0
0.2921875 -0.6361111111111111 0.05555555555555555 0.4 1.0
0.2718749999999998 -0.6694444444444445 0.1111111111111111 0.4 1.0
0.24531249999999988 -0.6916666666666667 0.16666666666666666 0.4 1.0
0.21874999999999997 -0.7083333333333333 0.2222222222222222 0.4 1.0
0.19062499999999982 -0.725 0.2777777777777778 0.4 1.0
0.15937499999999993 -0.7361111111111112 0.3333333333333333 0.4 1.0
0.12968750000000004 -0.7444444444444445 0.3888888888888889 0.4 1.0
0.0968749999999999 -0.75 0.4444444444444444 0.4 1.0
0.0624999999999999 -0.75 0.5 0.4 1.0
0.029687499999999895 -0.7472222222222222 0.5555555555555556 0.4 1.0
0.003124999999999989 -0.7444444444444445 0.6111111111111112 0.4 1.0
-0.028125000000000025 -0.7361111111111112 0.6666666666666666 0.4 1.0
-0.05937500000000004 -0.7305555555555556 0.7222222222222222 0.4 1.0
-0.08750000000000006 -0.7166666666666667 0.7777777777777778 0.4 1.0
-0.11562500000000009 -0.6972222222222222 0.8333333333333334 0.4 1.0
-0.1421875 -0.675 0.8888888888888888 0.4 1.0
-0.16250000000000006 -0.6444444444444444 0.9444444444444444 0.4 1.0
-0.1765625 -0.6194444444444445 1.0 0.4 1.0
0.32812499999999983 -0.6444444444444444 0.0 0.5 1.0
0.3093749999999999 -0.6777777777777778 0.05555555555555555 0.5 1.0
0.2859375 -0.7083333333333333 0.1111111111111111 0.5 1.0
0.25781249999999983 -0.7305555555555556 0.16666666666666666 0.5 1.0
0.22812499999999994 -0.75 0.2222222222222222 0.5 1.0
0.1968749999999998 -0.7638888888888888 0.2777777777777778 0.5 1.0
0.16406249999999992 -0.775 0.3333333333333333 0.5 1.0
0.13281250000000003 -0.7805555555555556 0.3888888888888889 0.5 1.0
0.0984374999999999 -0.7861111111111111 0.4444444444444444 0.5 1.0
0.0640624999999999 -0.7861111111111111 0.5 0.5 1.0
0.029687499999999895 -0.7833333333333333 0.5555555555555556 0.5 1.0
-0.003125000000000114 -0.7805555555555556 0.6111111111111112 0.5 1.0
-0.034375 -0.775 0.6666666666666666 0.5 1.0
-0.06718750000000001 -0.7694444444444444 0.7222222222222222 0.5 1.0
-0.09843750000000002 -0.7555555555555555 0.7777777777777778 0.5 1.0
-0.12812500000000004 -0.7361111111111112 0.8333333333333334 0.5 1.0
-0.15625000000000008 -0.7138888888888888 0.8888888888888888 0.5 1.0
-0.178125 -0.6861111111111111 0.9444444444444444 0.5 1.0
-0.19375000000000006 -0.6611111111111111 1.0 0.5 1.0
0.3437499999999998 -0.6833333333333333 0.0 0.6 1.0
0.3203124999999999 -0.7166666666666667 0.05555555555555555 0.6 1.0
0.2953125 -0.75 0.1111111111111111 0.6 1.0
0.26562499999999983 -0.7722222222222223 0.16666666666666666 0.6 1.0
0.23281249999999992 -0.7861111111111111 0.2222222222222222 0.6 1.0
0.20312500000000003 -0.8027777777777778 0.2777777777777778 0.6 1.0
0.1687499999999999 -0.8138888888888889 0.3333333333333333 0.6 1.0
0.13437500000000002 -0.8194444444444444 0.3888888888888889 0.6 1.0
0.0984374999999999 -0.825 0.4444444444444444 0.6 1.0
0.0640624999999999 -0.825 0.5 0.6 1.0
0.0281249999999999 -0.8222222222222222 0.5555555555555556 0.6 1.0
-0.004687500000000108 -0.8194444444444444 0.6111111111111112 0.6 1.0
-0.03906250000000011 -0.8111111111111111 0.6666666666666666 0.6 1.0
-0.071875 -0.8083333333333333 0.7222222222222222 0.6 1.0
-0.10625 -0.7944444444444444 0.7777777777777778 0.6 1.0
-0.1375 -0.775 0.8333333333333334 0.6 1.0
-0.16718750000000004 -0.7527777777777778 0.8888888888888888 0.6 1.0
-0.19062500000000007 -0.725 0.9444444444444444 0.6 1.0
-0.2078125 -0.7 1.0 0.6 1.0
0.353125 -0.7277777777777777 0.0 0.7 1.0
0.32812499999999983 -0.7583333333333333 0.05555555555555555 0.7 1.0
0.30156249999999996 -0.7916666666666666 0.1111111111111111 0.7 1.0
0.2718749999999998 -0.8111111111111111 0.16666666666666666 0.7 1.0
0.2374999999999999 -0.8277777777777777 0.2222222222222222 0.7 1.0
0.20468750000000002 -0.8416666666666667 0.2777777777777778 0.7 1.0
0.1718749999999999 -0.85 0.3333333333333333 0.7 1.0
0.1375 -0.8583333333333334 0.3888888888888889 0.7 1.0
0.0999999999999999 -0.8611111111111112 0.4444444444444444 0.7 1.0
0.0640624999999999 -0.8611111111111112 0.5 0.7 1.0
0.029687499999999895 -0.8583333333333334 0.5555555555555556 0.7 1.0
-0.006250000000000103 -0.8583333333333334 0.6111111111111112 0.7 1.0
-0.040625000000000105 -0.85 0.6666666666666666 0.7 1.0
-0.07343750000000011 -0.8444444444444444 0.7222222222222222 0.7 1.0
-0.1109375000000001 -0.8333333333333333 0.7777777777777778 0.7 1.0
-0.1421875 -0.8138888888888889 0.8333333333333334 0.7 1.0
-0.17343750000000002 -0.7944444444444444 0.8888888888888888 0.7 1.0
-0.19843750000000004 -0.7666666666666666 0.9444444444444444 0.7 1.0
-0.21718749999999998 -0.7444444444444445 1.0 0.7 1.0
0.35625 -0.7722222222222223 0.0 0.8 1.0
0.3312499999999998 -0.8 0.05555555555555555 0.8 1.0
0.30156249999999996 -0.8305555555555555 0.1111111111111111 0.8 1.0
0.27343750000000006 -0.8472222222222222 0.16666666666666666 0.8 1.0
0.2390624999999999 -0.8638888888888889 0.2222222222222222 0.8 1.0
0.2078125 -0.8777777777777778 0.2777777777777778 0.8 1.0
0.1718749999999999 -0.8861111111111111 0.3333333333333333 0.8 1.0
0.1375 -0.8944444444444445 0.3888888888888889 0.8 1.0
0.0999999999999999 -0.8972222222222223 0.4444444444444444 0.8 1.0
0.0640624999999999 -0.8972222222222223 0.5 0.8 1.0
0.03124999999999989 -0.8944444444444445 0.5555555555555556 0.8 1.0
-0.006250000000000103 -0.8944444444444445 0.6111111111111112 0.8 1.0
-0.03906250000000011 -0.8888888888888888 0.6666666666666666 0.8 1.0
-0.07500000000000011 -0.8833333333333333 0.7222222222222222 0.8 1.0
-0.1109375000000001 -0.8722222222222222 0.7777777777777778 0.8 1.0
-0.14375 -0.8527777777777777 0.8333333333333334 0.8 1.0
-0.17343750000000002 -0.8333333333333333 0.8888888888888888 0.8 1.0
-0.20000000000000004 -0.8083333333333333 0.9444444444444444 0.8 1.0
-0.2203125000000001 -0.7861111111111111 1.0 0.8 1.0
0.353125 -0.8138888888888889 0.0 0.9 1.0
0.32656249999999987 -0.8416666666666667 0.05555555555555555 0.9 1.0
0.29843749999999997 -0.8694444444444445 0.1111111111111111 0.9 1.0
0.2703124999999998 -0.8861111111111111 0.16666666666666666 0.9 1.0
0.2374999999999999 -0.9027777777777778 0.2222222222222222 0.9 1.0
0.20625000000000002 -0.9138888888888889 0.2777777777777778 0.9 1.0
0.17343749999999988 -0.9222222222222223 0.3333333333333333 0.9 1.0
0.140625 -0.925 0.3888888888888889 0.9 1.0
0.10312499999999988 -0.9305555555555556 0.4444444444444444 0.9 1.0
0.06718749999999989 -0.9305555555555556 0.5 0.9 1.0
0.03437499999999988 -0.9277777777777778 0.5555555555555556 0.9 1.0
-0.004687500000000108 -0.9277777777777778 0.6111111111111112 0.9 1.0
-0.0359375 -0.9222222222222223 0.6666666666666666 0.9 1.0
-0.071875 -0.9166666666666666 0.7222222222222222 0.9 1.0
-0.10781249999999999 -0.9055555555555556 0.7777777777777778 0.9 1.0
-0.140625 -0.8888888888888888 0.8333333333333334 0.9 1.0
-0.16875000000000004 -0.8722222222222222 0.8888888888888888 0.9 1.0
-0.19531250000000006 -0.8472222222222222 0.9444444444444444 0.9 1.0
-0.21562499999999998 -0.825 1.0 0.9 1.0
0.3374999999999998 -0.8555555555555555 0.0 1.0 1.0
0.3140624999999999 -0.8833333333333333 0.05555555555555555 1.0 1.0
0.2875 -0.9055555555555556 0.1111111111111111 1.0 1.0
0.26249999999999984 -0.9194444444444444 0.16666666666666666 1.0 1.0
0.23437499999999992 -0.9333333333333333 0.2222222222222222 1.0 1.0
0.20468750000000002 -0.9416666666666667 0.2777777777777778 1.0 1.0
0.1703124999999999 -0.95 0.3333333333333333 1.0 1.0
0.140625 -0.9527777777777777 0.3888888888888889 1.0 1.0
0.10468749999999988 -0.9555555555555556 0.4444444444444444 1.0 1.0
0.07031249999999988 -0.9583333333333334 0.5 1.0 1.0
0.04062499999999998 -0.9583333333333334 0.5555555555555556 1.0 1.0
-0.0015625000000001193 -0.9555555555555556 0.6111111111111112 1.0 1.0
-0.031250000000000014 -0.95 0.6666666666666666 1.0 1.0
-0.06562500000000002 -0.9444444444444444 0.7222222222222222 1.0 1.0
-0.10156250000000001 -0.9333333333333333 0.7777777777777778 1.0 1.0
-0.13125000000000003 -0.9222222222222223 0.8333333333333334 1.0 1.0
-0.1546875000000001 -0.9083333333333333 0.8888888888888888 1.0 1.0
-0.18750000000000008 -0.8833333333333333 0.9444444444444444 1.0 1.0
-0.20312500000000003 -0.8638888888888889 1.0 1.0 1.0
